{
    "npc_y_1": 37.017987664719115,
    "y": 56.0,
    "x_0": 92.9358378648758,
    "sin_yaw_1": -1.0,
    "npc_y_2": 37.01598494865466,
    "npc_x_0": 289.5576959967613,
    "npc_x_3": 27.91487373113632,
    "npc_y_3": 57.38850158073474,
    "y_0": 53.549158334732056,
    "cos_yaw_1": 0.0,
    "time": 44.0,
    "npc_x_2": 27.915331494808186,
    "x": 94.0,
    "x_1": 95.0,
    "sin_yaw_0": -1.0,
    "cos_yaw_0": 0.0,
    "s": 3.0,
    "npc_y_0": 57.390504296799186,
    "npc_x_1": 289.5581537604332,
    "y_1": 58.25
}